v 0.148149 0.033958 -0.118304
v 0.085534 0.096573 -0.118304
v 0.000000 0.119492 -0.118304
v -0.085534 0.096573 -0.118304
v -0.148149 0.033958 -0.118304
v -0.171068 -0.051576 -0.118304
v -0.148149 -0.137110 -0.118304
v -0.085534 -0.199725 -0.118304
v 0.000000 -0.222644 -0.118304
v 0.085534 -0.199725 -0.118304
v 0.148149 -0.137110 -0.118304
v 0.171068 -0.051576 -0.118304
v 0.143101 0.031043 -0.041027
v 0.082619 0.091525 -0.041027
v 0.000000 0.113663 -0.041027
v -0.082619 0.091525 -0.041027
v -0.143101 0.031043 -0.041027
v -0.165239 -0.051576 -0.041027
v -0.143101 -0.134195 -0.041027
v -0.082619 -0.194677 -0.041027
v 0.000000 -0.216815 -0.041027
v 0.082619 -0.194677 -0.041027
v 0.143101 -0.134195 -0.041027
v 0.165239 -0.051576 -0.041027
v 0.128301 0.022498 0.000232
v 0.074074 0.076725 0.000232
v 0.000000 0.096573 0.000232
v -0.074074 0.076725 0.000232
v -0.128301 0.022498 0.000232
v -0.148149 -0.051576 0.000232
v -0.128301 -0.125650 0.000232
v -0.074074 -0.179877 0.000232
v 0.000000 -0.199725 0.000232
v 0.074074 -0.179877 0.000232
v 0.128301 -0.125650 0.000232
v 0.148149 -0.051576 0.000232
v 0.104757 0.008906 0.035661
v 0.060482 0.053181 0.035661
v 0.000000 0.069387 0.035661
v -0.060482 0.053181 0.035661
v -0.104757 0.008906 0.035661
v -0.120963 -0.051576 0.035661
v -0.104757 -0.112058 0.035661
v -0.060482 -0.156333 0.035661
v 0.000000 -0.172539 0.035661
v 0.060482 -0.156333 0.035661
v 0.104757 -0.112058 0.035661
v 0.120963 -0.051576 0.035661
v 0.074074 -0.008809 0.062847
v 0.042767 0.022498 0.062847
v 0.000000 0.033958 0.062847
v -0.042767 0.022498 0.062847
v -0.074074 -0.008809 0.062847
v -0.085534 -0.051576 0.062847
v -0.074074 -0.094343 0.062847
v -0.042767 -0.125650 0.062847
v 0.000000 -0.137110 0.062847
v 0.042767 -0.125650 0.062847
v 0.074074 -0.094343 0.062847
v 0.085534 -0.051576 0.062847
v 0.038344 -0.029438 0.079937
v 0.022138 -0.013232 0.079937
v 0.000000 -0.007300 0.079937
v -0.022138 -0.013232 0.079937
v -0.038344 -0.029438 0.079937
v -0.044276 -0.051576 0.079937
v -0.038344 -0.073714 0.079937
v -0.022138 -0.089920 0.079937
v 0.000000 -0.095852 0.079937
v 0.022138 -0.089920 0.079937
v 0.038344 -0.073714 0.079937
v 0.044276 -0.051576 0.079937
v 0.000000 -0.051576 0.085766
v 0.107690 -0.054245 0.034610
v 0.147832 -0.056657 -0.047446
v -0.151273 -0.051690 -0.028878
v -0.100926 -0.050086 0.042868
v 0.001594 -0.055531 0.060616
v 0.070421 0.116796 -0.016164
v 0.115775 -0.047510 0.055414
v 0.013800 -0.043792 0.095330
v -0.041812 0.120537 0.003873
v -0.138416 0.060328 -0.028116
v -0.094069 -0.044111 0.068062
v -0.181971 -0.044642 0.002000
v 0.188969 -0.055357 -0.030820
v 0.158571 0.046914 -0.023467
v -0.055718 0.038391 0.074260
v 0.071893 0.035244 0.074260
v 0.107690 -0.040165 0.034083
v 0.147832 -0.043900 -0.047924
v -0.151273 -0.043958 -0.029299
v -0.100926 -0.044193 0.042647
v 0.001594 -0.036937 0.059919
v 0.070421 -0.214525 -0.003750
v 0.115775 -0.050325 0.055250
v 0.013800 -0.046045 0.095414
v -0.041812 -0.216757 0.016511
v -0.138416 -0.159111 -0.019894
v -0.094069 -0.050550 0.067936
v -0.181971 -0.047262 0.001672
v 0.188969 -0.043952 -0.031247
v 0.158571 -0.145386 -0.016262
v -0.055718 -0.129574 0.080553
v 0.071893 -0.126436 0.080318
v -0.257504 -0.276503 -0.240385
v -0.269726 -0.249289 -0.267538
v -0.269726 -0.249289 -0.267538
v -0.223307 -0.304253 -0.260332
v -0.223307 -0.304253 -0.260332
v -0.327322 -0.336239 -0.211941
v -0.333434 -0.322632 -0.264402
v -0.333434 -0.322632 -0.264402
v -0.310224 -0.350114 -0.260799
v -0.310224 -0.350114 -0.260799
v -0.398316 -0.394591 -0.263137
v -0.398316 -0.394591 -0.263137
v -0.398316 -0.394591 -0.263137
v -0.191886 -0.276817 -0.237680
v -0.191886 -0.276817 -0.237680
v -0.191886 -0.276817 -0.237680
v -0.245146 -0.265236 -0.240122
v -0.245146 -0.265236 -0.240122
v -0.245146 -0.265236 -0.240122
v -0.232988 -0.217343 -0.238777
v -0.232988 -0.217343 -0.238777
v -0.232988 -0.217343 -0.238777
v -0.358244 -0.361655 -0.224297
v -0.358244 -0.361655 -0.224297
v -0.358244 -0.361655 -0.224297
v -0.358244 -0.361655 -0.224297
v -0.358244 -0.361655 -0.224297
v -0.358244 -0.361655 -0.224297
v -0.347703 -0.369037 -0.243978
v -0.347703 -0.369037 -0.243978
v -0.347703 -0.369037 -0.243978
v -0.347703 -0.369037 -0.243978
v -0.365935 -0.358678 -0.245812
v -0.365935 -0.358678 -0.245812
v -0.365935 -0.358678 -0.245812
v -0.365935 -0.358678 -0.245812
v -0.297335 -0.310582 -0.234335
v -0.297335 -0.310582 -0.234335
v -0.166582 -0.351240 -0.244960
v -0.184158 -0.333733 -0.267538
v -0.184158 -0.333733 -0.267538
v -0.131782 -0.362636 -0.261546
v -0.131782 -0.362636 -0.261546
v -0.203067 -0.418370 -0.221308
v -0.211855 -0.409617 -0.264931
v -0.211855 -0.409617 -0.264931
v -0.185667 -0.424068 -0.261935
v -0.185667 -0.424068 -0.261935
v -0.240876 -0.484774 -0.263879
v -0.240876 -0.484774 -0.263879
v -0.240876 -0.484774 -0.263879
v -0.115526 -0.331996 -0.226773
v -0.115526 -0.331996 -0.226773
v -0.115526 -0.331996 -0.226773
v -0.160331 -0.338819 -0.228803
v -0.160331 -0.338819 -0.228803
v -0.160331 -0.338819 -0.228803
v -0.165112 -0.298011 -0.227685
v -0.165112 -0.298011 -0.227685
v -0.165112 -0.298011 -0.227685
v -0.219535 -0.447293 -0.231582
v -0.219535 -0.447293 -0.231582
v -0.219535 -0.447293 -0.231582
v -0.219535 -0.447293 -0.231582
v -0.219535 -0.447293 -0.231582
v -0.219535 -0.447293 -0.231582
v -0.209156 -0.449896 -0.247948
v -0.209156 -0.449896 -0.247948
v -0.209156 -0.449896 -0.247948
v -0.209156 -0.449896 -0.247948
v -0.226392 -0.447265 -0.249472
v -0.226392 -0.447265 -0.249472
v -0.226392 -0.447265 -0.249472
v -0.226392 -0.447265 -0.249472
v -0.187397 -0.389537 -0.239929
v -0.187397 -0.389537 -0.239929
v 0.257504 -0.276503 -0.240385
v 0.269726 -0.249289 -0.267538
v 0.269726 -0.249289 -0.267538
v 0.223307 -0.304253 -0.260332
v 0.223307 -0.304253 -0.260332
v 0.327322 -0.336239 -0.211941
v 0.333434 -0.322632 -0.264402
v 0.333434 -0.322632 -0.264402
v 0.310224 -0.350114 -0.260799
v 0.310224 -0.350114 -0.260799
v 0.398316 -0.394591 -0.263137
v 0.398316 -0.394591 -0.263137
v 0.398316 -0.394591 -0.263137
v 0.191886 -0.276817 -0.237680
v 0.191886 -0.276817 -0.237680
v 0.191886 -0.276817 -0.237680
v 0.245146 -0.265236 -0.240122
v 0.245146 -0.265236 -0.240122
v 0.245146 -0.265236 -0.240122
v 0.232988 -0.217343 -0.238777
v 0.232988 -0.217343 -0.238777
v 0.232988 -0.217343 -0.238777
v 0.358244 -0.361655 -0.224297
v 0.358244 -0.361655 -0.224297
v 0.358244 -0.361655 -0.224297
v 0.358244 -0.361655 -0.224297
v 0.358244 -0.361655 -0.224297
v 0.358244 -0.361655 -0.224297
v 0.347703 -0.369037 -0.243978
v 0.347703 -0.369037 -0.243978
v 0.347703 -0.369037 -0.243978
v 0.347703 -0.369037 -0.243978
v 0.365935 -0.358678 -0.245812
v 0.365935 -0.358678 -0.245812
v 0.365935 -0.358678 -0.245812
v 0.365935 -0.358678 -0.245812
v 0.297335 -0.310582 -0.234335
v 0.297335 -0.310582 -0.234335
v 0.166582 -0.351240 -0.244960
v 0.184158 -0.333733 -0.267538
v 0.184158 -0.333733 -0.267538
v 0.131782 -0.362636 -0.261546
v 0.131782 -0.362636 -0.261546
v 0.203067 -0.418370 -0.221308
v 0.211855 -0.409617 -0.264931
v 0.211855 -0.409617 -0.264931
v 0.185667 -0.424068 -0.261935
v 0.185667 -0.424068 -0.261935
v 0.240876 -0.484774 -0.263879
v 0.240876 -0.484774 -0.263879
v 0.240876 -0.484774 -0.263879
v 0.115526 -0.331996 -0.226773
v 0.115526 -0.331996 -0.226773
v 0.115526 -0.331996 -0.226773
v 0.160331 -0.338819 -0.228803
v 0.160331 -0.338819 -0.228803
v 0.160331 -0.338819 -0.228803
v 0.165112 -0.298011 -0.227685
v 0.165112 -0.298011 -0.227685
v 0.165112 -0.298011 -0.227685
v 0.219535 -0.447293 -0.231582
v 0.219535 -0.447293 -0.231582
v 0.219535 -0.447293 -0.231582
v 0.219535 -0.447293 -0.231582
v 0.219535 -0.447293 -0.231582
v 0.219535 -0.447293 -0.231582
v 0.209156 -0.449896 -0.247948
v 0.209156 -0.449896 -0.247948
v 0.209156 -0.449896 -0.247948
v 0.209156 -0.449896 -0.247948
v 0.226392 -0.447265 -0.249472
v 0.226392 -0.447265 -0.249472
v 0.226392 -0.447265 -0.249472
v 0.226392 -0.447265 -0.249472
v 0.187397 -0.389537 -0.239929
v 0.187397 -0.389537 -0.239929
v -0.257504 0.175462 -0.240385
v -0.269726 0.148248 -0.267538
v -0.269726 0.148248 -0.267538
v -0.223307 0.203212 -0.260332
v -0.223307 0.203212 -0.260332
v -0.327322 0.235198 -0.200483
v -0.333434 0.221591 -0.264402
v -0.333434 0.221591 -0.264402
v -0.310224 0.249073 -0.260799
v -0.310224 0.249073 -0.260799
v -0.398316 0.293550 -0.263137
v -0.398316 0.293550 -0.263137
v -0.398316 0.293550 -0.263137
v -0.191886 0.175777 -0.237680
v -0.191886 0.175777 -0.237680
v -0.191886 0.175777 -0.237680
v -0.245146 0.164195 -0.240122
v -0.245146 0.164195 -0.240122
v -0.245146 0.164195 -0.240122
v -0.232988 0.116303 -0.238777
v -0.232988 0.116303 -0.238777
v -0.232988 0.116303 -0.238777
v -0.358244 0.260614 -0.224297
v -0.358244 0.260614 -0.224297
v -0.358244 0.260614 -0.224297
v -0.358244 0.260614 -0.224297
v -0.358244 0.260614 -0.224297
v -0.358244 0.260614 -0.224297
v -0.347703 0.267996 -0.243978
v -0.347703 0.267996 -0.243978
v -0.347703 0.267996 -0.243978
v -0.347703 0.267996 -0.243978
v -0.365935 0.257637 -0.245812
v -0.365935 0.257637 -0.245812
v -0.365935 0.257637 -0.245812
v -0.365935 0.257637 -0.245812
v -0.297335 0.209541 -0.234335
v -0.297335 0.209541 -0.234335
v -0.166582 0.250199 -0.244960
v -0.184158 0.232692 -0.267538
v -0.184158 0.232692 -0.267538
v -0.131782 0.261595 -0.261546
v -0.131782 0.261595 -0.261546
v -0.203067 0.317329 -0.221308
v -0.211855 0.308576 -0.264931
v -0.211855 0.308576 -0.264931
v -0.185667 0.323028 -0.261935
v -0.185667 0.323028 -0.261935
v -0.240876 0.383733 -0.263879
v -0.240876 0.383733 -0.263879
v -0.240876 0.383733 -0.263879
v -0.115526 0.230955 -0.221441
v -0.115526 0.230955 -0.221441
v -0.115526 0.230955 -0.221441
v -0.160331 0.237778 -0.223471
v -0.160331 0.237778 -0.223471
v -0.160331 0.237778 -0.223471
v -0.165112 0.196971 -0.222352
v -0.165112 0.196971 -0.222352
v -0.165112 0.196971 -0.222352
v -0.219535 0.346252 -0.231582
v -0.219535 0.346252 -0.231582
v -0.219535 0.346252 -0.231582
v -0.219535 0.346252 -0.231582
v -0.219535 0.346252 -0.231582
v -0.219535 0.346252 -0.231582
v -0.209156 0.348855 -0.247948
v -0.209156 0.348855 -0.247948
v -0.209156 0.348855 -0.247948
v -0.209156 0.348855 -0.247948
v -0.226392 0.346225 -0.249472
v -0.226392 0.346225 -0.249472
v -0.226392 0.346225 -0.249472
v -0.226392 0.346225 -0.249472
v -0.187397 0.288496 -0.239929
v -0.187397 0.288496 -0.239929
v 0.257504 0.175462 -0.240385
v 0.269726 0.148248 -0.267538
v 0.269726 0.148248 -0.267538
v 0.223307 0.203212 -0.260332
v 0.223307 0.203212 -0.260332
v 0.327322 0.235198 -0.200483
v 0.333434 0.221591 -0.264402
v 0.333434 0.221591 -0.264402
v 0.310224 0.249073 -0.260799
v 0.310224 0.249073 -0.260799
v 0.398316 0.293550 -0.263137
v 0.398316 0.293550 -0.263137
v 0.398316 0.293550 -0.263137
v 0.191886 0.175777 -0.237680
v 0.191886 0.175777 -0.237680
v 0.191886 0.175777 -0.237680
v 0.245146 0.164195 -0.240122
v 0.245146 0.164195 -0.240122
v 0.245146 0.164195 -0.240122
v 0.232988 0.116303 -0.238777
v 0.232988 0.116303 -0.238777
v 0.232988 0.116303 -0.238777
v 0.358244 0.260614 -0.224297
v 0.358244 0.260614 -0.224297
v 0.358244 0.260614 -0.224297
v 0.358244 0.260614 -0.224297
v 0.358244 0.260614 -0.224297
v 0.358244 0.260614 -0.224297
v 0.347703 0.267996 -0.243978
v 0.347703 0.267996 -0.243978
v 0.347703 0.267996 -0.243978
v 0.347703 0.267996 -0.243978
v 0.365935 0.257637 -0.245812
v 0.365935 0.257637 -0.245812
v 0.365935 0.257637 -0.245812
v 0.365935 0.257637 -0.245812
v 0.297335 0.209541 -0.234335
v 0.297335 0.209541 -0.234335
v 0.166582 0.250199 -0.244960
v 0.184158 0.232692 -0.267538
v 0.184158 0.232692 -0.267538
v 0.131782 0.261595 -0.261546
v 0.131782 0.261595 -0.261546
v 0.203067 0.317329 -0.221308
v 0.211855 0.308576 -0.264931
v 0.211855 0.308576 -0.264931
v 0.185667 0.323028 -0.261935
v 0.185667 0.323028 -0.261935
v 0.240876 0.383733 -0.263879
v 0.240876 0.383733 -0.263879
v 0.240876 0.383733 -0.263879
v 0.115526 0.230955 -0.221441
v 0.115526 0.230955 -0.221441
v 0.115526 0.230955 -0.221441
v 0.160331 0.237778 -0.223471
v 0.160331 0.237778 -0.223471
v 0.160331 0.237778 -0.223471
v 0.165112 0.196971 -0.222352
v 0.165112 0.196971 -0.222352
v 0.165112 0.196971 -0.222352
v 0.219535 0.346252 -0.231582
v 0.219535 0.346252 -0.231582
v 0.219535 0.346252 -0.231582
v 0.219535 0.346252 -0.231582
v 0.219535 0.346252 -0.231582
v 0.219535 0.346252 -0.231582
v 0.209156 0.348855 -0.247948
v 0.209156 0.348855 -0.247948
v 0.209156 0.348855 -0.247948
v 0.209156 0.348855 -0.247948
v 0.226392 0.346225 -0.249472
v 0.226392 0.346225 -0.249472
v 0.226392 0.346225 -0.249472
v 0.226392 0.346225 -0.249472
v 0.187397 0.288496 -0.239929
v 0.187397 0.288496 -0.239929
v 0.000000 -0.051576 -0.016269
v 0.101355 0.063850 0.043304
v 0.000000 0.099251 0.047121
v 0.093946 -0.163069 0.045045
v 0.145096 -0.050325 0.042196
v 0.000000 -0.195672 0.054927
v -0.101355 0.063850 0.043304
v -0.145096 -0.050325 0.042196
v -0.093946 -0.165107 0.045045
v -0.263875 -0.050520 -0.065488
v -0.395698 -0.050520 -0.270626
v -0.395698 -0.050520 -0.270626
v -0.356681 -0.050520 -0.209391
v -0.243807 0.084237 -0.076480
v -0.365001 0.100342 -0.259485
v -0.365001 0.100342 -0.259485
v -0.329530 0.088013 -0.208614
v -0.188201 0.199307 -0.103753
v -0.089462 0.197415 -0.019030
v 0.000000 0.197936 -0.003647
v -0.257337 0.227568 -0.223250
v -0.257337 0.227568 -0.223250
v -0.252212 0.205456 -0.200334
v -0.074191 0.277793 -0.109474
v 0.000000 0.275630 -0.082742
v -0.128375 0.294557 -0.220370
v -0.128375 0.294557 -0.220370
v -0.136496 0.283928 -0.182996
v -0.043135 0.342830 -0.219892
v -0.043135 0.342830 -0.219892
v -0.243807 -0.185277 -0.076480
v -0.365001 -0.201382 -0.259485
v -0.365001 -0.201382 -0.259485
v -0.329530 -0.189054 -0.208614
v -0.188201 -0.300348 -0.103753
v -0.089462 -0.298456 -0.019030
v 0.000000 -0.298976 -0.003647
v -0.257337 -0.328609 -0.223250
v -0.257337 -0.328609 -0.223250
v -0.252212 -0.306496 -0.200334
v -0.074191 -0.378834 -0.109474
v 0.000000 -0.376671 -0.082742
v -0.128375 -0.395597 -0.220370
v -0.128375 -0.395597 -0.220370
v -0.136496 -0.384969 -0.182996
v -0.043135 -0.417350 -0.219892
v -0.043135 -0.417350 -0.219892
v 0.263875 -0.050520 -0.065488
v 0.356681 -0.050520 -0.209391
v 0.243807 0.084237 -0.076480
v 0.329530 0.088013 -0.208614
v 0.188201 0.199307 -0.103753
v 0.089462 0.197415 -0.019030
v 0.257337 0.227568 -0.223250
v 0.257337 0.227568 -0.223250
v 0.252212 0.205456 -0.200334
v 0.074191 0.277793 -0.109474
v 0.136496 0.283928 -0.182996
v 0.000000 0.337506 -0.173161
v 0.243807 -0.185277 -0.076480
v 0.365001 -0.201382 -0.259485
v 0.365001 -0.201382 -0.259485
v 0.329530 -0.189054 -0.208614
v 0.188201 -0.300348 -0.103753
v 0.089462 -0.298456 -0.019030
v 0.257337 -0.328609 -0.223250
v 0.257337 -0.328609 -0.223250
v 0.252212 -0.306496 -0.200334
v 0.074191 -0.378834 -0.109474
v 0.128375 -0.395597 -0.220370
v 0.128375 -0.395597 -0.220370
v 0.136496 -0.384969 -0.182996
v 0.000000 -0.412525 -0.173161
v -0.195069 -0.050520 -0.288720
v -0.163856 0.090719 -0.265977
v -0.110010 0.268988 -0.242801
v -0.173525 -0.180610 -0.267957
v -0.110010 -0.350430 -0.242801
v -0.131884 -0.174550 -0.197330
v -0.172732 -0.050520 -0.217792
v -0.124146 0.090726 -0.194026
v 0.000000 -0.050520 -0.209183
v 0.195069 -0.050520 -0.288720
v 0.000000 0.105489 -0.194075
v 0.163857 0.090719 -0.265977
v 0.000000 0.346252 -0.217164
v 0.000000 0.346252 -0.217164
v 0.110010 0.249390 -0.242801
v 0.000000 -0.217917 -0.194951
v 0.173525 -0.180610 -0.267957
v 0.000000 -0.374555 -0.260380
v 0.110010 -0.350430 -0.242801
v 0.365001 0.100342 -0.259485
v 0.365001 0.100342 -0.259485
v 0.395698 -0.050520 -0.270626
v 0.395698 -0.050520 -0.270626
v 0.128375 0.294557 -0.220370
v 0.128375 0.294557 -0.220370
v 0.043135 0.342830 -0.219892
v 0.043135 0.342830 -0.219892
v 0.043135 -0.417350 -0.219892
v 0.043135 -0.417350 -0.219892
v 0.000000 -0.420451 -0.217164
v 0.000000 -0.420451 -0.217164
v 0.000000 -0.267144 -0.270342
v 0.131884 -0.174550 -0.197330
v 0.172732 -0.050520 -0.217792
v 0.124146 0.090726 -0.194026
v 0.000000 0.129488 -0.267526
v 0.000000 0.000000 0.000000
v 0.000000 0.000000 0.000000
vt -0.688478 1.945461
vt -0.734131 1.988983
vt -0.796493 1.998879
vt -0.858856 1.988983
vt -0.904508 1.945461
vt -0.921218 1.877486
vt -0.904508 1.809511
vt -0.858856 1.759750
vt -0.796493 1.741536
vt -0.734131 1.759750
vt -0.688478 1.809511
vt -0.671768 1.877486
vt -0.692158 1.943144
vt -0.736255 1.984972
vt -0.796493 1.994246
vt -0.856731 1.984972
vt -0.900828 1.943144
vt -0.916968 1.877486
vt -0.900828 1.811827
vt -0.856731 1.763761
vt -0.796493 1.746168
vt -0.736255 1.763761
vt -0.692158 1.811827
vt -0.676018 1.877486
vt -0.694411 1.937806
vt -0.737556 1.975726
vt -0.796493 1.991889
vt -0.855430 1.975726
vt -0.898576 1.937806
vt -0.914368 1.877486
vt -0.898576 1.817165
vt -0.855430 1.773007
vt -0.796493 1.756844
vt -0.737556 1.773007
vt -0.694411 1.817165
vt -0.678618 1.877486
vt -0.713143 1.926738
vt -0.748371 1.962792
vt -0.796493 1.975989
vt -0.844615 1.962792
vt -0.879843 1.926738
vt -0.892737 1.877486
vt -0.879843 1.828234
vt -0.844615 1.792179
vt -0.796493 1.778982
vt -0.748371 1.792179
vt -0.713143 1.828234
vt -0.700249 1.877486
vt -0.737556 1.912312
vt -0.762466 1.937806
vt -0.796493 1.947138
vt -0.830521 1.937806
vt -0.855430 1.912312
vt -0.864548 1.877486
vt -0.855430 1.842659
vt -0.830521 1.817165
vt -0.796493 1.807833
vt -0.762466 1.817165
vt -0.737556 1.842659
vt -0.728438 1.877486
vt -0.765985 1.895513
vt -0.778879 1.908710
vt -0.796493 1.913540
vt -0.814107 1.908710
vt -0.827001 1.895513
vt -0.831721 1.877486
vt -0.827001 1.859458
vt -0.814107 1.846261
vt -0.796493 1.841431
vt -0.778879 1.846261
vt -0.765985 1.859458
vt -0.761265 1.877486
vt -0.796493 1.877486
vt 0.286329 0.227256
vt 0.261623 0.210811
vt 0.488979 0.194128
vt 0.426957 0.225905
vt 0.344284 0.226342
vt 0.341314 -0.021599
vt 0.291465 0.189730
vt 0.348422 0.188980
vt 0.433160 -0.022988
vt 0.511782 -0.001326
vt 0.430768 0.187830
vt 0.495580 0.155341
vt 0.248186 0.160849
vt 0.247120 -0.012199
vt 0.457482 0.061386
vt 0.298424 0.057851
vt 0.286329 0.227256
vt 0.261623 0.210811
vt 0.488979 0.194128
vt 0.426957 0.225905
vt 0.344284 0.226342
vt 0.341314 -0.021599
vt 0.291465 0.189730
vt 0.348422 0.188980
vt 0.433160 -0.022988
vt 0.511782 -0.001326
vt 0.430768 0.187830
vt 0.495580 0.155341
vt 0.248186 0.160849
vt 0.247120 -0.012199
vt 0.457482 0.061386
vt 0.298424 0.057851
vt 1.176682 2.243701
vt 1.163235 2.213488
vt 1.163235 2.213488
vt 1.222186 2.278032
vt 1.222186 2.278032
vt 1.231511 2.182569
vt 1.228072 2.165096
vt 1.228072 2.165096
vt 1.258920 2.198462
vt 1.258920 2.198462
vt 1.296951 2.110712
vt 1.296951 2.110712
vt 1.296951 2.110712
vt 1.190270 2.309290
vt 1.190270 2.309290
vt 1.190270 2.309290
vt 1.171836 2.250378
vt 1.171836 2.250378
vt 1.171836 2.250378
vt 1.125242 2.250383
vt 1.125242 2.250383
vt 1.125242 2.250383
vt 1.260014 2.151271
vt 1.260014 2.151271
vt 1.260014 2.151271
vt 1.260014 2.151271
vt 1.260014 2.151271
vt 1.260014 2.151271
vt 1.275101 2.161128
vt 1.275101 2.161128
vt 1.275101 2.161128
vt 1.275101 2.161128
vt 1.262576 2.137853
vt 1.262576 2.137853
vt 1.262576 2.137853
vt 1.262576 2.137853
vt 1.207961 2.208826
vt 1.207961 2.208826
vt 1.176682 2.243701
vt 1.163235 2.213488
vt 1.163235 2.213488
vt 1.222186 2.278032
vt 1.222186 2.278032
vt 1.231511 2.182569
vt 1.228072 2.165096
vt 1.228072 2.165096
vt 1.258920 2.198462
vt 1.258920 2.198462
vt 1.296951 2.110712
vt 1.296951 2.110712
vt 1.296951 2.110712
vt 1.190270 2.309290
vt 1.190270 2.309290
vt 1.190270 2.309290
vt 1.171836 2.250378
vt 1.171836 2.250378
vt 1.171836 2.250378
vt 1.125242 2.250383
vt 1.125242 2.250383
vt 1.125242 2.250383
vt 1.260014 2.151271
vt 1.260014 2.151271
vt 1.260014 2.151271
vt 1.260014 2.151271
vt 1.260014 2.151271
vt 1.260014 2.151271
vt 1.275101 2.161128
vt 1.275101 2.161128
vt 1.275101 2.161128
vt 1.275101 2.161128
vt 1.262576 2.137853
vt 1.262576 2.137853
vt 1.262576 2.137853
vt 1.262576 2.137853
vt 1.207961 2.208826
vt 1.207961 2.208826
vt 1.176682 2.243701
vt 1.163235 2.213488
vt 1.163235 2.213488
vt 1.222186 2.278032
vt 1.222186 2.278032
vt 1.231511 2.182569
vt 1.228072 2.165096
vt 1.228072 2.165096
vt 1.258920 2.198462
vt 1.258920 2.198462
vt 1.296951 2.110712
vt 1.296951 2.110712
vt 1.296951 2.110712
vt 1.190270 2.309290
vt 1.190270 2.309290
vt 1.190270 2.309290
vt 1.171836 2.250378
vt 1.171836 2.250378
vt 1.171836 2.250378
vt 1.125242 2.250383
vt 1.125242 2.250383
vt 1.125242 2.250383
vt 1.260014 2.151271
vt 1.260014 2.151271
vt 1.260014 2.151271
vt 1.260014 2.151271
vt 1.260014 2.151271
vt 1.260014 2.151271
vt 1.275101 2.161128
vt 1.275101 2.161128
vt 1.275101 2.161128
vt 1.275101 2.161128
vt 1.262576 2.137853
vt 1.262576 2.137853
vt 1.262576 2.137853
vt 1.262576 2.137853
vt 1.207961 2.208826
vt 1.207961 2.208826
vt 1.176682 2.243701
vt 1.163235 2.213488
vt 1.163235 2.213488
vt 1.222186 2.278032
vt 1.222186 2.278032
vt 1.231511 2.182569
vt 1.228072 2.165096
vt 1.228072 2.165096
vt 1.258920 2.198462
vt 1.258920 2.198462
vt 1.296951 2.110712
vt 1.296951 2.110712
vt 1.296951 2.110712
vt 1.190270 2.309290
vt 1.190270 2.309290
vt 1.190270 2.309290
vt 1.171836 2.250378
vt 1.171836 2.250378
vt 1.171836 2.250378
vt 1.125242 2.250383
vt 1.125242 2.250383
vt 1.125242 2.250383
vt 1.260014 2.151271
vt 1.260014 2.151271
vt 1.260014 2.151271
vt 1.260014 2.151271
vt 1.260014 2.151271
vt 1.260014 2.151271
vt 1.275101 2.161128
vt 1.275101 2.161128
vt 1.275101 2.161128
vt 1.275101 2.161128
vt 1.262576 2.137853
vt 1.262576 2.137853
vt 1.262576 2.137853
vt 1.262576 2.137853
vt 1.207961 2.208826
vt 1.207961 2.208826
vt 1.176682 2.243701
vt 1.163235 2.213488
vt 1.163235 2.213488
vt 1.222186 2.278032
vt 1.222186 2.278032
vt 1.231511 2.182569
vt 1.228072 2.165096
vt 1.228072 2.165096
vt 1.258920 2.198462
vt 1.258920 2.198462
vt 1.296951 2.110712
vt 1.296951 2.110712
vt 1.296951 2.110712
vt 1.190270 2.309290
vt 1.190270 2.309290
vt 1.190270 2.309290
vt 1.171836 2.250378
vt 1.171836 2.250378
vt 1.171836 2.250378
vt 1.125242 2.250383
vt 1.125242 2.250383
vt 1.125242 2.250383
vt 1.260014 2.151271
vt 1.260014 2.151271
vt 1.260014 2.151271
vt 1.260014 2.151271
vt 1.260014 2.151271
vt 1.260014 2.151271
vt 1.275101 2.161128
vt 1.275101 2.161128
vt 1.275101 2.161128
vt 1.275101 2.161128
vt 1.262576 2.137853
vt 1.262576 2.137853
vt 1.262576 2.137853
vt 1.262576 2.137853
vt 1.207961 2.208826
vt 1.207961 2.208826
vt 1.176682 2.243701
vt 1.163235 2.213488
vt 1.163235 2.213488
vt 1.222186 2.278032
vt 1.222186 2.278032
vt 1.231511 2.182569
vt 1.228072 2.165096
vt 1.228072 2.165096
vt 1.258920 2.198462
vt 1.258920 2.198462
vt 1.296951 2.110712
vt 1.296951 2.110712
vt 1.296951 2.110712
vt 1.190270 2.309290
vt 1.190270 2.309290
vt 1.190270 2.309290
vt 1.171836 2.250378
vt 1.171836 2.250378
vt 1.171836 2.250378
vt 1.125242 2.250383
vt 1.125242 2.250383
vt 1.125242 2.250383
vt 1.260014 2.151271
vt 1.260014 2.151271
vt 1.260014 2.151271
vt 1.260014 2.151271
vt 1.260014 2.151271
vt 1.260014 2.151271
vt 1.275101 2.161128
vt 1.275101 2.161128
vt 1.275101 2.161128
vt 1.275101 2.161128
vt 1.262576 2.137853
vt 1.262576 2.137853
vt 1.262576 2.137853
vt 1.262576 2.137853
vt 1.207961 2.208826
vt 1.207961 2.208826
vt 1.176682 2.243701
vt 1.163235 2.213488
vt 1.163235 2.213488
vt 1.222186 2.278032
vt 1.222186 2.278032
vt 1.231511 2.182569
vt 1.228072 2.165096
vt 1.228072 2.165096
vt 1.258920 2.198462
vt 1.258920 2.198462
vt 1.296951 2.110712
vt 1.296951 2.110712
vt 1.296951 2.110712
vt 1.190270 2.309290
vt 1.190270 2.309290
vt 1.190270 2.309290
vt 1.171836 2.250378
vt 1.171836 2.250378
vt 1.171836 2.250378
vt 1.125242 2.250383
vt 1.125242 2.250383
vt 1.125242 2.250383
vt 1.260014 2.151271
vt 1.260014 2.151271
vt 1.260014 2.151271
vt 1.260014 2.151271
vt 1.260014 2.151271
vt 1.260014 2.151271
vt 1.275101 2.161128
vt 1.275101 2.161128
vt 1.275101 2.161128
vt 1.275101 2.161128
vt 1.262576 2.137853
vt 1.262576 2.137853
vt 1.262576 2.137853
vt 1.262576 2.137853
vt 1.207961 2.208826
vt 1.207961 2.208826
vt 1.176682 2.243701
vt 1.163235 2.213488
vt 1.163235 2.213488
vt 1.222186 2.278032
vt 1.222186 2.278032
vt 1.231511 2.182569
vt 1.228072 2.165096
vt 1.228072 2.165096
vt 1.258920 2.198462
vt 1.258920 2.198462
vt 1.296951 2.110712
vt 1.296951 2.110712
vt 1.296951 2.110712
vt 1.190270 2.309290
vt 1.190270 2.309290
vt 1.190270 2.309290
vt 1.171836 2.250378
vt 1.171836 2.250378
vt 1.171836 2.250378
vt 1.125242 2.250383
vt 1.125242 2.250383
vt 1.125242 2.250383
vt 1.260014 2.151271
vt 1.260014 2.151271
vt 1.260014 2.151271
vt 1.260014 2.151271
vt 1.260014 2.151271
vt 1.260014 2.151271
vt 1.275101 2.161128
vt 1.275101 2.161128
vt 1.275101 2.161128
vt 1.275101 2.161128
vt 1.262576 2.137853
vt 1.262576 2.137853
vt 1.262576 2.137853
vt 1.262576 2.137853
vt 1.207961 2.208826
vt 1.207961 2.208826
vt 2.946517 0.503071
vt 2.814386 0.620638
vt 2.947040 0.669109
vt 2.828954 0.390834
vt 2.747628 0.504741
vt 2.969114 0.360122
vt 2.814386 0.620638
vt 2.747628 0.504741
vt 2.828954 0.390834
vt 2.649570 0.503443
vt 2.365721 0.503443
vt 0.312412 2.393872
vt 2.478536 0.503443
vt 2.675900 0.651077
vt 2.414659 0.705901
vt 0.287767 2.235412
vt 2.517964 0.672277
vt 2.748971 0.777163
vt 2.883415 0.765176
vt 2.994554 0.765725
vt 2.586297 0.876640
vt 0.203266 2.102281
vt 2.630246 0.815408
vt 2.900042 0.856609
vt 2.994554 0.847743
vt 2.791889 0.966539
vt 0.102460 2.032624
vt 2.798289 0.911045
vt 2.927780 0.995731
vt 0.035940 2.010275
vt 2.675900 0.355810
vt 2.414659 0.300986
vt 0.289221 2.552705
vt 2.517964 0.334609
vt 2.748971 0.229724
vt 2.883415 0.241711
vt 2.968762 0.241161
vt 2.586297 0.130247
vt 0.205947 2.687155
vt 2.630246 0.191479
vt 2.900042 0.150278
vt 2.968762 0.159144
vt 2.791889 0.040348
vt 0.105787 2.758391
vt 2.798289 0.095842
vt 2.927780 0.011156
vt 0.039475 2.781789
vt 2.649570 0.503443
vt 2.478536 0.503443
vt 2.675900 0.651077
vt 2.517964 0.672277
vt 2.748971 0.777163
vt 2.883415 0.765176
vt 2.586297 0.876640
vt 0.203266 2.102281
vt 2.630246 0.815408
vt 2.900042 0.856609
vt 2.798289 0.911045
vt 2.994604 0.944628
vt 2.675900 0.355810
vt 2.414659 0.300986
vt 0.289221 2.552705
vt 2.517964 0.334609
vt 2.748971 0.229724
vt 2.883415 0.241711
vt 2.586297 0.130247
vt 0.205947 2.687155
vt 2.630246 0.191479
vt 2.900042 0.150278
vt 2.791889 0.040348
vt 0.105787 2.758391
vt 2.798289 0.095842
vt 2.968812 0.062259
vt 0.156083 2.395100
vt 0.131242 2.246763
vt 0.088369 2.080237
vt 0.139833 2.532035
vt 0.091260 2.711007
vt 0.107089 2.525917
vt 0.138661 2.395237
vt 0.100556 2.246999
vt 0.003941 2.396295
vt 0.156083 2.395100
vt 0.004693 2.232235
vt 0.131242 2.246763
vt 2.994641 0.999893
vt 0.005614 2.031410
vt 0.088369 2.080237
vt 0.003135 2.572330
vt 0.139833 2.532035
vt 0.002379 2.737049
vt 0.091260 2.711007
vt 2.414659 0.705901
vt 0.287767 2.235412
vt 2.365721 0.503443
vt 0.312412 2.393872
vt 2.791889 0.966539
vt 0.102460 2.032624
vt 2.927780 0.995731
vt 0.035940 2.010275
vt 2.927780 0.011156
vt 0.039475 2.781789
vt 2.968849 0.006994
vt 0.002158 2.785314
vt 0.002897 2.624096
vt 0.107089 2.525917
vt 0.138661 2.395237
vt 0.100556 2.246999
vt 0.004809 2.206998
vt 0.000000 0.000000
vt 0.000000 0.000000
vn 0.904523 0.419791 0.074919
vn 0.573445 0.815811 0.074919
vn 0.088712 0.993236 0.074919
vn -0.419791 0.904524 0.074919
vn -0.815811 0.573445 0.074919
vn -0.993236 0.088712 0.074919
vn -0.904524 -0.419791 0.074919
vn -0.573445 -0.815811 0.074918
vn -0.088712 -0.993236 0.074919
vn 0.419791 -0.904524 0.074919
vn 0.815811 -0.573445 0.074919
vn 0.993236 -0.088712 0.074919
vn 0.840790 0.489020 0.232231
vn 0.483636 0.843899 0.232231
vn -0.003109 0.972656 0.232231
vn -0.489020 0.840790 0.232231
vn -0.843899 0.483636 0.232231
vn -0.972656 -0.003109 0.232231
vn -0.840790 -0.489020 0.232231
vn -0.483636 -0.843899 0.232231
vn 0.003109 -0.972656 0.232231
vn 0.489020 -0.840790 0.232231
vn 0.843899 -0.483636 0.232231
vn 0.972656 0.003109 0.232231
vn 0.746979 0.437716 0.500428
vn 0.428045 0.752562 0.500428
vn -0.005584 0.865760 0.500428
vn -0.437716 0.746979 0.500428
vn -0.752562 0.428044 0.500428
vn -0.865760 -0.005584 0.500428
vn -0.746979 -0.437716 0.500428
vn -0.428044 -0.752562 0.500428
vn 0.005584 -0.865760 0.500428
vn 0.437716 -0.746979 0.500428
vn 0.752562 -0.428044 0.500428
vn 0.865760 0.005584 0.500428
vn 0.607975 0.360289 0.707501
vn 0.346378 0.616007 0.707501
vn -0.008031 0.706666 0.707501
vn -0.360288 0.607975 0.707501
vn -0.616007 0.346378 0.707501
vn -0.706666 -0.008031 0.707501
vn -0.607976 -0.360288 0.707501
vn -0.346378 -0.616007 0.707501
vn 0.008031 -0.706666 0.707501
vn 0.360288 -0.607976 0.707501
vn 0.616007 -0.346378 0.707501
vn 0.706666 0.008031 0.707501
vn 0.427598 0.258428 0.866242
vn 0.241097 0.437604 0.866242
vn -0.010006 0.499525 0.866242
vn -0.258428 0.427598 0.866242
vn -0.437604 0.241096 0.866242
vn -0.499525 -0.010006 0.866242
vn -0.427598 -0.258428 0.866242
vn -0.241096 -0.437604 0.866242
vn 0.010006 -0.499525 0.866242
vn 0.258428 -0.427598 0.866242
vn 0.437604 -0.241096 0.866242
vn 0.499525 0.010007 0.866242
vn 0.235472 0.159778 0.958657
vn 0.124036 0.256108 0.958657
vn -0.020635 0.283814 0.958657
vn -0.159778 0.235472 0.958657
vn -0.256108 0.124036 0.958657
vn -0.283814 -0.020635 0.958657
vn -0.235472 -0.159778 0.958657
vn -0.124036 -0.256108 0.958657
vn 0.020635 -0.283814 0.958657
vn 0.159778 -0.235472 0.958657
vn 0.256108 -0.124036 0.958657
vn 0.283814 0.020635 0.958657
vn 0.000000 0.000000 1.000000
vn 0.092704 -0.978045 0.186636
vn 0.016449 -0.999164 0.037420
vn -0.119845 -0.987099 0.106172
vn -0.139982 -0.966829 0.213652
vn -0.004904 -0.955675 0.294382
vn 0.351341 0.698093 0.623879
vn 0.380641 -0.688417 0.617409
vn 0.031268 -0.417392 0.908188
vn -0.141426 0.695567 0.704404
vn -0.606161 0.520677 0.601220
vn -0.313510 -0.665430 0.677432
vn -0.580336 -0.471412 0.664064
vn 0.608689 -0.556301 0.565709
vn 0.656949 0.411397 0.631799
vn -0.363960 0.395932 0.843072
vn 0.401825 0.421501 0.812941
vn 0.321471 0.895724 0.307139
vn 0.252380 0.957729 0.138058
vn -0.060989 0.997081 0.045937
vn -0.118984 0.972065 0.202317
vn 0.005061 0.956807 0.290680
vn 0.351341 -0.649451 0.674368
vn 0.393781 0.762974 0.512647
vn 0.035519 0.485181 0.873692
vn -0.141426 -0.640907 0.754478
vn -0.610978 -0.465919 0.640019
vn -0.315903 0.686758 0.654652
vn -0.553146 0.515523 0.654420
vn 0.697087 0.311271 0.645895
vn 0.656949 -0.362966 0.660812
vn -0.368054 -0.329948 0.869293
vn 0.403150 -0.361934 0.840520
vn -0.071424 0.155527 0.985246
vn 0.111205 0.412331 -0.904221
vn -0.525889 0.419399 0.739963
vn 0.355934 -0.226312 -0.906694
vn 0.158178 -0.369930 0.915495
vn 0.046144 0.159140 0.986177
vn -0.611430 0.517975 -0.598210
vn -0.615778 0.720127 0.319743
vn 0.377316 -0.840367 -0.389123
vn 0.559679 -0.631502 0.536624
vn 0.256936 -0.851543 0.457011
vn 0.233218 0.243862 -0.941350
vn -0.773449 0.528715 0.349624
vn -0.049162 -0.015566 0.998670
vn -0.151646 -0.520232 0.840454
vn 0.424709 0.260515 -0.867037
vn -0.049162 -0.015566 0.998670
vn 0.061528 -0.431708 0.899912
vn -0.595018 0.337159 0.729573
vn -0.049162 -0.015566 0.998670
vn 0.428606 0.280373 -0.858888
vn -0.689045 0.155042 0.707940
vn -0.615778 0.720127 0.319743
vn 0.559679 -0.631502 0.536624
vn 0.485663 -0.781392 0.391864
vn -0.672921 0.693193 0.258185
vn 0.256936 -0.851543 0.457011
vn -0.773449 0.528715 0.349624
vn -0.167025 -0.449319 -0.877619
vn 0.559679 -0.631502 0.536624
vn 0.256936 -0.851543 0.457011
vn 0.233218 0.243862 -0.941350
vn -0.615778 0.720127 0.319743
vn -0.186911 -0.373897 -0.908441
vn 0.233218 0.243862 -0.941350
vn -0.773449 0.528715 0.349624
vn -0.035273 0.140167 0.989499
vn -0.019562 0.196886 0.980231
vn -0.323146 -0.238788 0.915728
vn 0.041519 0.597674 -0.800664
vn -0.791163 0.023855 0.611140
vn 0.478529 0.005613 -0.878054
vn 0.186547 -0.601484 0.776800
vn -0.013738 0.165126 0.986177
vn -0.756104 0.265427 -0.598210
vn -0.832367 0.452693 0.319742
vn 0.652579 -0.650172 -0.389123
vn 0.748314 -0.389955 0.536620
vn 0.544133 -0.703607 0.457008
vn 0.130732 0.311077 -0.941350
vn -0.911272 0.217593 0.349623
vn -0.040358 -0.032098 0.998670
vn 0.088096 -0.767438 0.635042
vn 0.405156 0.579861 -0.706831
vn -0.040358 -0.032098 0.998670
vn 0.057195 -0.782984 0.619407
vn -0.849674 -0.164178 0.501098
vn -0.040358 -0.032098 0.998670
vn 0.407052 0.574873 -0.709810
vn -0.852820 -0.113879 0.509637
vn -0.832367 0.452693 0.319742
vn 0.748314 -0.389955 0.536620
vn 0.732716 -0.556390 0.391864
vn -0.876121 0.407126 0.258186
vn 0.544133 -0.703607 0.457008
vn -0.911272 0.217593 0.349623
vn 0.004471 -0.479335 -0.877621
vn 0.748314 -0.389955 0.536620
vn 0.544133 -0.703607 0.457008
vn 0.130732 0.311077 -0.941350
vn -0.832367 0.452693 0.319742
vn -0.041040 -0.415992 -0.908442
vn 0.130732 0.311077 -0.941350
vn -0.911272 0.217593 0.349623
vn -0.083009 0.118324 0.989499
vn -0.088594 0.176911 0.980231
vn -0.071424 -0.155526 -0.985246
vn 0.111205 -0.412331 0.904221
vn -0.525889 -0.419399 -0.739963
vn 0.355934 0.226312 0.906694
vn 0.158179 0.369930 -0.915495
vn 0.046145 -0.159139 -0.986177
vn -0.611430 -0.517975 0.598210
vn -0.615777 -0.720127 -0.319744
vn 0.377316 0.840367 0.389123
vn 0.559679 0.631502 -0.536623
vn 0.256936 0.851543 -0.457010
vn 0.233218 -0.243862 0.941350
vn -0.773449 -0.528715 -0.349625
vn -0.049162 0.015566 -0.998670
vn -0.151646 0.520232 -0.840454
vn 0.424709 -0.260515 0.867037
vn -0.049162 0.015566 -0.998670
vn 0.061528 0.431708 -0.899912
vn -0.595019 -0.337158 -0.729573
vn -0.049162 0.015566 -0.998670
vn 0.428606 -0.280373 0.858888
vn -0.689045 -0.155042 -0.707940
vn -0.615777 -0.720127 -0.319744
vn 0.559679 0.631502 -0.536623
vn 0.485664 0.781392 -0.391864
vn -0.672921 -0.693193 -0.258186
vn 0.256936 0.851543 -0.457010
vn -0.773449 -0.528715 -0.349625
vn -0.167025 0.449319 0.877619
vn 0.559679 0.631502 -0.536623
vn 0.256936 0.851543 -0.457010
vn 0.233218 -0.243862 0.941350
vn -0.615777 -0.720127 -0.319744
vn -0.186911 0.373897 0.908441
vn 0.233218 -0.243862 0.941350
vn -0.773449 -0.528715 -0.349625
vn -0.035272 -0.140166 -0.989500
vn -0.019562 -0.196885 -0.980231
vn -0.323146 0.238788 -0.915727
vn 0.041519 -0.597673 0.800664
vn -0.791163 -0.023855 -0.611140
vn 0.478529 -0.005612 0.878054
vn 0.186547 0.601484 -0.776800
vn -0.013739 -0.165126 -0.986177
vn -0.756103 -0.265426 0.598211
vn -0.832366 -0.452693 -0.319742
vn 0.652579 0.650172 0.389123
vn 0.748314 0.389954 -0.536620
vn 0.544133 0.703607 -0.457008
vn 0.130732 -0.311077 0.941350
vn -0.911272 -0.217592 -0.349623
vn -0.040358 0.032098 -0.998670
vn 0.088096 0.767438 -0.635042
vn 0.405156 -0.579860 0.706831
vn -0.040358 0.032098 -0.998670
vn 0.057195 0.782984 -0.619407
vn -0.849675 0.164178 -0.501097
vn -0.040358 0.032098 -0.998670
vn 0.407052 -0.574873 0.709810
vn -0.852820 0.113878 -0.509637
vn -0.832366 -0.452693 -0.319742
vn 0.748314 0.389954 -0.536620
vn 0.732717 0.556389 -0.391864
vn -0.876122 -0.407126 -0.258184
vn 0.544133 0.703607 -0.457008
vn -0.911272 -0.217592 -0.349623
vn 0.004471 0.479335 0.877621
vn 0.748314 0.389954 -0.536620
vn 0.544133 0.703607 -0.457008
vn 0.130732 -0.311077 0.941350
vn -0.832366 -0.452693 -0.319742
vn -0.041040 0.415992 0.908442
vn 0.130732 -0.311077 0.941350
vn -0.911272 -0.217592 -0.349623
vn -0.083010 -0.118324 -0.989499
vn -0.088594 -0.176911 -0.980231
vn 0.071424 0.155527 -0.985246
vn -0.111205 0.412331 0.904221
vn 0.525889 0.419399 -0.739963
vn -0.355934 -0.226312 0.906694
vn -0.158178 -0.369930 -0.915495
vn -0.054740 0.173691 -0.983278
vn 0.602414 0.508985 0.614842
vn 0.615777 0.720126 -0.319745
vn -0.370901 -0.827152 0.422198
vn -0.559680 -0.631502 -0.536622
vn -0.256936 -0.851544 -0.457008
vn -0.233218 0.243862 0.941350
vn 0.773448 0.528715 -0.349625
vn 0.049162 -0.015566 -0.998670
vn 0.151646 -0.520232 -0.840454
vn -0.424709 0.260515 0.867037
vn 0.049162 -0.015566 -0.998670
vn -0.061528 -0.431708 -0.899912
vn 0.595018 0.337159 -0.729573
vn 0.049162 -0.015566 -0.998670
vn -0.428606 0.280373 0.858888
vn 0.689045 0.155042 -0.707940
vn 0.615777 0.720126 -0.319745
vn -0.559680 -0.631502 -0.536622
vn -0.443414 -0.837846 -0.318431
vn 0.712413 0.669409 -0.210615
vn -0.256936 -0.851544 -0.457008
vn 0.773448 0.528715 -0.349625
vn 0.167025 -0.449318 0.877619
vn -0.559680 -0.631502 -0.536622
vn -0.256936 -0.851544 -0.457008
vn -0.233218 0.243862 0.941350
vn 0.615777 0.720126 -0.319745
vn 0.186911 -0.373896 0.908441
vn -0.233218 0.243862 0.941350
vn 0.773448 0.528715 -0.349625
vn -0.005876 0.179666 -0.983710
vn 0.019562 0.196886 -0.980231
vn 0.356791 -0.298534 -0.885199
vn 0.203009 0.593566 0.778760
vn 0.814902 -0.009551 -0.579521
vn -0.496414 0.218340 0.840179
vn -0.169672 -0.653111 -0.738009
vn 0.013738 0.165125 -0.986177
vn 0.756104 0.265427 0.598210
vn 0.832367 0.452693 -0.319742
vn -0.652579 -0.650172 0.389123
vn -0.748314 -0.389956 -0.536620
vn -0.544133 -0.703607 -0.457008
vn -0.130732 0.311077 0.941350
vn 0.911272 0.217593 -0.349623
vn 0.040358 -0.032098 -0.998670
vn -0.097032 -0.809468 -0.579091
vn -0.437167 0.620387 0.651157
vn 0.040358 -0.032098 -0.998670
vn -0.028973 -0.837535 -0.545615
vn 0.869651 -0.212243 -0.445713
vn 0.040358 -0.032098 -0.998670
vn -0.427426 0.619673 0.658265
vn 0.879273 -0.115674 -0.462060
vn 0.832367 0.452693 -0.319742
vn -0.748314 -0.389956 -0.536620
vn -0.732715 -0.556391 -0.391864
vn 0.876121 0.407127 -0.258186
vn -0.544133 -0.703607 -0.457008
vn 0.911272 0.217593 -0.349623
vn -0.004471 -0.479336 0.877620
vn -0.748314 -0.389956 -0.536620
vn -0.544133 -0.703607 -0.457008
vn -0.130732 0.311077 0.941350
vn 0.832367 0.452693 -0.319742
vn 0.041040 -0.415993 0.908441
vn -0.130732 0.311077 0.941350
vn 0.911272 0.217593 -0.349623
vn 0.083009 0.118324 -0.989499
vn 0.088594 0.176911 -0.980231
vn 0.071424 -0.155527 0.985246
vn -0.111205 -0.412331 -0.904221
vn 0.525889 -0.419399 0.739963
vn -0.355934 0.226312 -0.906694
vn -0.158179 0.369930 0.915495
vn -0.054740 -0.173691 0.983278
vn 0.602414 -0.508986 -0.614842
vn 0.615777 -0.720126 0.319746
vn -0.370901 0.827153 -0.422198
vn -0.559680 0.631503 0.536621
vn -0.256936 0.851544 0.457008
vn -0.233218 -0.243862 -0.941350
vn 0.773448 -0.528714 0.349627
vn 0.049162 0.015566 0.998670
vn 0.151646 0.520232 0.840454
vn -0.424709 -0.260515 -0.867037
vn 0.049162 0.015566 0.998670
vn -0.061528 0.431708 0.899912
vn 0.595019 -0.337158 0.729573
vn 0.049162 0.015566 0.998670
vn -0.428606 -0.280373 -0.858888
vn 0.689045 -0.155042 0.707940
vn 0.615777 -0.720126 0.319746
vn -0.559680 0.631503 0.536621
vn -0.443414 0.837846 0.318431
vn 0.712413 -0.669409 0.210616
vn -0.256936 0.851544 0.457008
vn 0.773448 -0.528714 0.349627
vn 0.167025 0.449318 -0.877619
vn -0.559680 0.631503 0.536621
vn -0.256936 0.851544 0.457008
vn -0.233218 -0.243862 -0.941350
vn 0.615777 -0.720126 0.319746
vn 0.186911 0.373896 -0.908441
vn -0.233218 -0.243862 -0.941350
vn 0.773448 -0.528714 0.349627
vn -0.005877 -0.179665 0.983710
vn 0.019562 -0.196885 0.980231
vn 0.356791 0.298535 0.885199
vn 0.203010 -0.593565 -0.778760
vn 0.814902 0.009551 0.579520
vn -0.496414 -0.218340 -0.840179
vn -0.169672 0.653111 0.738009
vn 0.013739 -0.165125 0.986177
vn 0.756104 -0.265427 -0.598211
vn 0.832366 -0.452693 0.319742
vn -0.652579 0.650172 -0.389123
vn -0.748314 0.389955 0.536620
vn -0.544133 0.703607 0.457008
vn -0.130732 -0.311077 -0.941350
vn 0.911272 -0.217592 0.349623
vn 0.040358 0.032098 0.998670
vn -0.097032 0.809468 0.579091
vn -0.437167 -0.620387 -0.651157
vn 0.040358 0.032098 0.998670
vn -0.028973 0.837535 0.545615
vn 0.869651 0.212243 0.445712
vn 0.040358 0.032098 0.998670
vn -0.427426 -0.619673 -0.658265
vn 0.879273 0.115673 0.462059
vn 0.832366 -0.452693 0.319742
vn -0.748314 0.389955 0.536620
vn -0.732716 0.556390 0.391864
vn 0.876121 -0.407127 0.258185
vn -0.544133 0.703607 0.457008
vn 0.911272 -0.217592 0.349623
vn -0.004471 0.479336 -0.877620
vn -0.748314 0.389955 0.536620
vn -0.544133 0.703607 0.457008
vn -0.130732 -0.311077 -0.941350
vn 0.832366 -0.452693 0.319742
vn 0.041040 0.415993 -0.908441
vn -0.130732 -0.311077 -0.941350
vn 0.911272 -0.217592 0.349623
vn 0.083010 -0.118324 0.989499
vn 0.088594 -0.176911 0.980231
vn -0.001285 0.026149 0.999657
vn 0.197501 0.181540 0.963347
vn 0.000000 0.035523 0.999369
vn 0.213348 -0.169541 0.962153
vn 0.347225 0.003561 0.937775
vn 0.000044 -0.020347 0.999793
vn -0.197501 0.181540 0.963347
vn -0.347710 0.003529 0.937596
vn -0.214120 -0.171593 0.961618
vn -0.788722 0.000003 0.614750
vn -0.897939 0.001205 -0.440118
vn -0.897939 0.001205 -0.440118
vn -0.841874 0.000000 0.539674
vn -0.673667 0.314875 0.668600
vn -0.789514 0.464765 -0.400827
vn -0.789514 0.464765 -0.400827
vn -0.779070 0.299772 0.550624
vn -0.601030 0.598322 0.529881
vn -0.359197 0.591169 0.722147
vn 0.000000 0.542177 0.840264
vn -0.613430 0.599902 0.513636
vn -0.153408 0.337583 -0.928711
vn -0.629878 0.550731 0.547676
vn -0.341191 0.780779 0.523425
vn 0.000000 0.769691 0.638416
vn -0.426775 0.861416 0.275363
vn -0.269789 0.518212 -0.811585
vn -0.463661 0.798263 0.384441
vn -0.269832 0.896571 0.351214
vn -0.124779 0.395331 -0.910024
vn -0.669751 -0.315545 0.672209
vn -0.790174 -0.463245 -0.401285
vn -0.790174 -0.463245 -0.401285
vn -0.779070 -0.299772 0.550624
vn -0.615317 -0.578195 0.535793
vn -0.358148 -0.589227 0.724252
vn 0.001735 -0.553921 0.832567
vn -0.613430 -0.599902 0.513636
vn -0.116208 -0.289855 -0.949989
vn -0.604735 -0.587895 0.537285
vn -0.346147 -0.816472 0.462122
vn 0.000000 -0.815049 0.579392
vn -0.303824 -0.924184 0.231463
vn -0.138221 -0.394868 -0.908281
vn -0.395575 -0.838172 0.375483
vn -0.160011 -0.955870 0.246393
vn -0.117661 -0.547598 -0.828427
vn 0.788722 0.000003 0.614750
vn 0.829172 0.000000 0.558994
vn 0.673667 0.314875 0.668600
vn 0.768105 0.323831 0.552402
vn 0.601030 0.598322 0.529881
vn 0.359197 0.591169 0.722147
vn 0.613430 0.599902 0.513636
vn 0.177930 0.393013 -0.902154
vn 0.629878 0.550731 0.547676
vn 0.341191 0.780779 0.523425
vn 0.463661 0.798263 0.384441
vn 0.000000 0.923413 0.383809
vn 0.669009 -0.315389 0.673020
vn 0.782699 -0.236914 0.575547
vn 0.081468 -0.217456 -0.972664
vn 0.768105 -0.323831 0.552402
vn 0.615317 -0.578195 0.535793
vn 0.358022 -0.587778 0.725491
vn 0.613430 -0.599902 0.513635
vn 0.177930 -0.393013 -0.902154
vn 0.604735 -0.587895 0.537285
vn 0.346147 -0.816472 0.462122
vn 0.303824 -0.924184 0.231463
vn 0.138221 -0.394868 -0.908281
vn 0.395575 -0.838172 0.375483
vn 0.000000 -0.962116 0.272642
vn 0.638911 0.040693 -0.768204
vn 0.262375 -0.172456 -0.949431
vn -0.104078 0.322183 -0.940939
vn 0.107575 -0.020219 -0.993991
vn -0.177758 -0.349936 -0.919754
vn 0.529388 0.366522 -0.765121
vn 0.680122 -0.028200 -0.732557
vn 0.350858 -0.333409 -0.875064
vn 0.000000 0.003564 -0.999994
vn -0.638911 0.040693 -0.768204
vn 0.058794 -0.706329 -0.705438
vn -0.318777 -0.099119 -0.942633
vn 0.000000 0.980814 0.194946
vn 0.004143 0.183099 -0.983086
vn 0.066400 0.272573 -0.959841
vn 0.000000 0.427842 -0.903854
vn -0.149056 0.033233 -0.988270
vn 0.000000 -0.398655 -0.917101
vn 0.156433 -0.352966 -0.922466
vn 0.782699 0.236914 0.575546
vn 0.078419 0.215833 -0.973276
vn 0.843354 0.000000 0.537359
vn 0.060730 0.001188 -0.998154
vn 0.426775 0.861416 0.275363
vn 0.190016 0.373624 -0.907909
vn 0.269832 0.896571 0.351214
vn 0.079880 0.290915 -0.953408
vn 0.160011 -0.955870 0.246393
vn 0.117661 -0.547598 -0.828427
vn 0.000000 -0.984161 0.177274
vn 0.000000 -0.685527 -0.728047
vn 0.000000 0.647346 -0.762196
vn -0.529388 0.366522 -0.765121
vn -0.680122 -0.028200 -0.732557
vn -0.336614 -0.513510 -0.789302
vn -0.034191 -0.664437 -0.746562
vn 0.000000 0.000000 0.000000
vn 0.000000 0.000000 0.000000
f 1/1/1 2/2/2 13/13/13
f 2/2/2 13/13/13 14/14/14
f 13/13/13 14/14/14 25/25/25
f 14/14/14 25/25/25 26/26/26
f 25/25/25 26/26/26 37/37/37
f 26/26/26 37/37/37 38/38/38
f 37/37/37 38/38/38 49/49/49
f 38/38/38 49/49/49 50/50/50
f 49/49/49 50/50/50 61/61/61
f 107/107/107 112/112/112 142/142/142
f 112/112/112 142/142/142 111/111/111
f 142/142/142 111/111/111 114/114/114
f 111/111/111 114/114/114 130/130/130
f 145/145/145 150/150/150 180/180/180
f 150/150/150 180/180/180 149/149/149
f 180/180/180 149/149/149 152/152/152
f 149/149/149 152/152/152 168/168/168
f 183/183/183 188/188/188 218/218/218
f 188/188/188 218/218/218 187/187/187
f 218/218/218 187/187/187 190/190/190
f 187/187/187 190/190/190 206/206/206
f 221/221/221 226/226/226 256/256/256
f 226/226/226 256/256/256 225/225/225
f 256/256/256 225/225/225 228/228/228
f 225/225/225 228/228/228 244/244/244
f 259/259/259 264/264/264 294/294/294
f 264/264/264 294/294/294 263/263/263
f 294/294/294 263/263/263 266/266/266
f 263/263/263 266/266/266 282/282/282
f 297/297/297 302/302/302 332/332/332
f 302/302/302 332/332/332 301/301/301
f 332/332/332 301/301/301 304/304/304
f 301/301/301 304/304/304 320/320/320
f 335/335/335 340/340/340 370/370/370
f 340/340/340 370/370/370 339/339/339
f 370/370/370 339/339/339 342/342/342
f 339/339/339 342/342/342 358/358/358
f 373/373/373 378/378/378 408/408/408
f 378/378/378 408/408/408 377/377/377
f 408/408/408 377/377/377 380/380/380
f 377/377/377 380/380/380 396/396/396
f 509/509/509 497/497/497 496/496/496
f 497/497/497 496/496/496 494/494/494
f 496/496/496 494/494/494 518/518/518
f 494/494/494 518/518/518 517/517/517
f 518/518/518 517/517/517 493/493/493
f 517/517/517 493/493/493 491/491/491
f 493/493/493 491/491/491 490/490/490
f 491/491/491 490/490/490 489/489/489
f 490/490/490 489/489/489 484/484/484
f 2/2/2 3/3/3 14/14/14
f 3/3/3 14/14/14 15/15/15
f 14/14/14 15/15/15 26/26/26
f 15/15/15 26/26/26 27/27/27
f 26/26/26 27/27/27 38/38/38
f 27/27/27 38/38/38 39/39/39
f 38/38/38 39/39/39 50/50/50
f 61/61/61 50/50/50 62/62/62
f 50/50/50 62/62/62 51/51/51
f 62/62/62 51/51/51 63/63/63
f 51/51/51 63/63/63 52/52/52
f 63/63/63 52/52/52 64/64/64
f 52/52/52 64/64/64 53/53/53
f 64/64/64 53/53/53 65/65/65
f 53/53/53 65/65/65 54/54/54
f 65/65/65 54/54/54 66/66/66
f 54/54/54 66/66/66 55/55/55
f 66/66/66 55/55/55 67/67/67
f 55/55/55 67/67/67 56/56/56
f 67/67/67 56/56/56 68/68/68
f 56/56/56 68/68/68 57/57/57
f 68/68/68 57/57/57 69/69/69
f 57/57/57 69/69/69 58/58/58
f 69/69/69 58/58/58 70/70/70
f 58/58/58 70/70/70 59/59/59
f 70/70/70 59/59/59 71/71/71
f 62/62/62 73/73/73 61/61/61
f 73/73/73 61/61/61 72/72/72
f 61/61/61 72/72/72 49/49/49
f 72/72/72 49/49/49 60/60/60
f 49/49/49 60/60/60 37/37/37
f 60/60/60 37/37/37 48/48/48
f 37/37/37 48/48/48 25/25/25
f 48/48/48 25/25/25 36/36/36
f 25/25/25 36/36/36 13/13/13
f 36/36/36 13/13/13 24/24/24
f 13/13/13 24/24/24 1/1/1
f 89/89/89 88/88/88 81/81/81
f 88/88/88 81/81/81 84/84/84
f 81/81/81 84/84/84 78/78/78
f 84/84/84 78/78/78 77/77/77
f 134/134/134 139/139/139 114/114/114
f 139/139/139 114/114/114 112/112/112
f 114/114/114 112/112/112 109/109/109
f 112/112/112 109/109/109 107/107/107
f 109/109/109 107/107/107 121/121/121
f 107/107/107 121/121/121 126/126/126
f 172/172/172 177/177/177 152/152/152
f 177/177/177 152/152/152 150/150/150
f 152/152/152 150/150/150 147/147/147
f 150/150/150 147/147/147 145/145/145
f 147/147/147 145/145/145 159/159/159
f 145/145/145 159/159/159 164/164/164
f 210/210/210 215/215/215 190/190/190
f 215/215/215 190/190/190 188/188/188
f 190/190/190 188/188/188 185/185/185
f 188/188/188 185/185/185 183/183/183
f 185/185/185 183/183/183 197/197/197
f 183/183/183 197/197/197 202/202/202
f 248/248/248 253/253/253 228/228/228
f 253/253/253 228/228/228 226/226/226
f 228/228/228 226/226/226 223/223/223
f 226/226/226 223/223/223 221/221/221
f 223/223/223 221/221/221 235/235/235
f 221/221/221 235/235/235 240/240/240
f 286/286/286 291/291/291 266/266/266
f 291/291/291 266/266/266 264/264/264
f 266/266/266 264/264/264 261/261/261
f 264/264/264 261/261/261 259/259/259
f 261/261/261 259/259/259 273/273/273
f 259/259/259 273/273/273 278/278/278
f 297/297/297 299/299/299 302/302/302
f 299/299/299 302/302/302 304/304/304
f 302/302/302 304/304/304 329/329/329
f 304/304/304 329/329/329 324/324/324
f 362/362/362 367/367/367 342/342/342
f 367/367/367 342/342/342 340/340/340
f 342/342/342 340/340/340 337/337/337
f 340/340/340 337/337/337 335/335/335
f 337/337/337 335/335/335 349/349/349
f 335/335/335 349/349/349 354/354/354
f 373/373/373 375/375/375 378/378/378
f 375/375/375 378/378/378 380/380/380
f 378/378/378 380/380/380 405/405/405
f 380/380/380 405/405/405 400/400/400
f 411/411/411 429/429/429 412/412/412
f 429/429/429 412/412/412 416/416/416
f 412/412/412 416/416/416 410/410/410
f 416/416/416 410/410/410 417/417/417
f 459/459/459 411/411/411 414/414/414
f 411/411/411 414/414/414 410/410/410
f 414/414/414 410/410/410 413/413/413
f 410/410/410 413/413/413 415/415/415
f 413/413/413 415/415/415 446/446/446
f 3/3/3 4/4/4 15/15/15
f 4/4/4 15/15/15 16/16/16
f 15/15/15 16/16/16 27/27/27
f 16/16/16 27/27/27 28/28/28
f 27/27/27 28/28/28 39/39/39
f 50/50/50 39/39/39 51/51/51
f 39/39/39 51/51/51 40/40/40
f 51/51/51 40/40/40 52/52/52
f 40/40/40 52/52/52 41/41/41
f 52/52/52 41/41/41 53/53/53
f 41/41/41 53/53/53 42/42/42
f 53/53/53 42/42/42 54/54/54
f 42/42/42 54/54/54 43/43/43
f 54/54/54 43/43/43 55/55/55
f 43/43/43 55/55/55 44/44/44
f 55/55/55 44/44/44 56/56/56
f 44/44/44 56/56/56 45/45/45
f 56/56/56 45/45/45 57/57/57
f 45/45/45 57/57/57 46/46/46
f 57/57/57 46/46/46 58/58/58
f 46/46/46 58/58/58 47/47/47
f 58/58/58 47/47/47 59/59/59
f 81/81/81 78/78/78 80/80/80
f 78/78/78 80/80/80 74/74/74
f 80/80/80 74/74/74 86/86/86
f 74/74/74 86/86/86 75/75/75
f 101/101/101 99/99/99 104/104/104
f 99/99/99 104/104/104 98/98/98
f 104/104/104 98/98/98 105/105/105
f 98/98/98 105/105/105 95/95/95
f 449/449/449 444/444/444 443/443/443
f 444/444/444 443/443/443 440/440/440
f 443/443/443 440/440/440 419/419/419
f 440/440/440 419/419/419 417/417/417
f 419/419/419 417/417/417 423/423/423
f 417/417/417 423/423/423 416/416/416
f 423/423/423 416/416/416 428/428/428
f 416/416/416 428/428/428 429/429/429
f 414/414/414 457/457/457 459/459/459
f 457/457/457 459/459/459 460/460/460
f 459/459/459 460/460/460 461/461/461
f 460/460/460 461/461/461 465/465/465
f 461/461/461 465/465/465 467/467/467
f 415/415/415 418/418/418 446/446/446
f 418/418/418 446/446/446 445/445/445
f 446/446/446 445/445/445 451/451/451
f 445/445/445 451/451/451 450/450/450
f 492/492/492 505/505/505 499/499/499
f 505/505/505 499/499/499 471/471/471
f 499/499/499 471/471/471 501/501/501
f 471/471/471 501/501/501 476/476/476
f 501/501/501 476/476/476 480/480/480
f 436/436/436 439/439/439 485/485/485
f 439/439/439 485/485/485 496/496/496
f 485/485/485 496/496/496 484/484/484
f 496/496/496 484/484/484 518/518/518
f 484/484/484 518/518/518 493/493/493
f 39/39/39 28/28/28 40/40/40
f 28/28/28 40/40/40 29/29/29
f 40/40/40 29/29/29 41/41/41
f 29/29/29 41/41/41 30/30/30
f 41/41/41 30/30/30 42/42/42
f 30/30/30 42/42/42 31/31/31
f 42/42/42 31/31/31 43/43/43
f 31/31/31 43/43/43 32/32/32
f 43/43/43 32/32/32 44/44/44
f 32/32/32 44/44/44 33/33/33
f 44/44/44 33/33/33 45/45/45
f 33/33/33 45/45/45 34/34/34
f 45/45/45 34/34/34 46/46/46
f 34/34/34 46/46/46 35/35/35
f 46/46/46 35/35/35 47/47/47
f 460/460/460 457/457/457 458/458/458
f 457/457/457 458/458/458 472/472/472
f 458/458/458 472/472/472 470/470/470
f 472/472/472 470/470/470 475/475/475
f 465/465/465 463/463/463 467/467/467
f 463/463/463 467/467/467 506/506/506
f 467/467/467 506/506/506 468/468/468
f 506/506/506 468/468/468 508/508/508
f 410/410/410 417/417/417 418/418/418
f 417/417/417 418/418/418 440/440/440
f 418/418/418 440/440/440 445/445/445
f 440/440/440 445/445/445 444/444/444
f 445/445/445 444/444/444 450/450/450
f 444/444/444 450/450/450 449/449/449
f 450/450/450 449/449/449 454/454/454
f 449/449/449 454/454/454 447/447/447
f 454/454/454 447/447/447 452/452/452
f 12/12/12 23/23/23 11/11/11
f 23/23/23 11/11/11 22/22/22
f 11/11/11 22/22/22 10/10/10
f 22/22/22 10/10/10 21/21/21
f 10/10/10 21/21/21 9/9/9
f 21/21/21 9/9/9 20/20/20
f 9/9/9 20/20/20 8/8/8
f 20/20/20 8/8/8 19/19/19
f 8/8/8 19/19/19 7/7/7
f 19/19/19 7/7/7 18/18/18
f 7/7/7 18/18/18 6/6/6
f 18/18/18 6/6/6 17/17/17
f 6/6/6 17/17/17 5/5/5
f 28/28/28 17/17/17 29/29/29
f 17/17/17 29/29/29 18/18/18
f 29/29/29 18/18/18 30/30/30
f 18/18/18 30/30/30 19/19/19
f 30/30/30 19/19/19 31/31/31
f 19/19/19 31/31/31 20/20/20
f 31/31/31 20/20/20 32/32/32
f 20/20/20 32/32/32 21/21/21
f 32/32/32 21/21/21 33/33/33
f 21/21/21 33/33/33 22/22/22
f 33/33/33 22/22/22 34/34/34
f 22/22/22 34/34/34 23/23/23
f 34/34/34 23/23/23 35/35/35
f 87/87/87 79/79/79 89/89/89
f 79/79/79 89/89/89 82/82/82
f 89/89/89 82/82/82 88/88/88
f 82/82/82 88/88/88 83/83/83
f 88/88/88 83/83/83 85/85/85
f 411/411/411 459/459/459 462/462/462
f 459/459/459 462/462/462 461/461/461
f 462/462/462 461/461/461 466/466/466
f 461/461/461 466/466/466 467/467/467
f 470/470/470 504/504/504 458/458/458
f 504/504/504 458/458/458 502/502/502
f 458/458/458 502/502/502 460/460/460
f 502/502/502 460/460/460 463/463/463
f 460/460/460 463/463/463 465/465/465
f 23/23/23 24/24/24 35/35/35
f 24/24/24 35/35/35 36/36/36
f 35/35/35 36/36/36 47/47/47
f 36/36/36 47/47/47 48/48/48
f 47/47/47 48/48/48 59/59/59
f 48/48/48 59/59/59 60/60/60
f 59/59/59 60/60/60 71/71/71
f 60/60/60 71/71/71 72/72/72
f 71/71/71 72/72/72 73/73/73
f 92/92/92 101/101/101 93/93/93
f 101/101/101 93/93/93 100/100/100
f 93/93/93 100/100/100 94/94/94
f 100/100/100 94/94/94 97/97/97
f 94/94/94 97/97/97 96/96/96
f 435/435/435 437/437/437 468/468/468
f 437/437/437 468/468/468 433/433/433
f 468/468/468 433/433/433 434/434/434
f 433/433/433 434/434/434 428/428/428
f 512/512/512 510/510/510 482/482/482
f 510/510/510 482/482/482 479/479/479
f 482/482/482 479/479/479 481/481/481
f 479/479/479 481/481/481 475/475/475
f 481/481/481 475/475/475 477/477/477
f 475/475/475 477/477/477 472/472/472
f 477/477/477 472/472/472 473/473/473
f 511/511/511 513/513/513 500/500/500
f 513/513/513 500/500/500 456/456/456
f 500/500/500 456/456/456 487/487/487
f 456/456/456 487/487/487 453/453/453
f 487/487/487 453/453/453 448/448/448
f 491/491/491 515/515/515 498/498/498
f 515/515/515 498/498/498 514/514/514
f 498/498/498 514/514/514 488/488/488
f 514/514/514 488/488/488 486/486/486
f 110/110/110 120/120/120 123/123/123
f 110/110/110 123/123/123 106/106/106
f 110/110/110 106/106/106 143/143/143
f 148/148/148 158/158/158 161/161/161
f 148/148/148 161/161/161 144/144/144
f 148/148/148 144/144/144 181/181/181
f 186/186/186 196/196/196 199/199/199
f 186/186/186 199/199/199 182/182/182
f 186/186/186 182/182/182 219/219/219
f 224/224/224 234/234/234 237/237/237
f 224/224/224 237/237/237 220/220/220
f 224/224/224 220/220/220 257/257/257
f 262/262/262 272/272/272 275/275/275
f 262/262/262 275/275/275 258/258/258
f 262/262/262 258/258/258 295/295/295
f 300/300/300 310/310/310 313/313/313
f 300/300/300 313/313/313 296/296/296
f 300/300/300 296/296/296 333/333/333
f 338/338/338 348/348/348 351/351/351
f 338/338/338 351/351/351 334/334/334
f 338/338/338 334/334/334 371/371/371
f 376/376/376 386/386/386 389/389/389
f 376/376/376 389/389/389 372/372/372
f 376/376/376 372/372/372 409/409/409
f 104/104/104 105/105/105 97/97/97
f 104/104/104 97/97/97 100/100/100
f 104/104/104 100/100/100 101/101/101
f 108/108/108 143/143/143 106/106/106
f 108/108/108 106/106/106 124/124/124
f 108/108/108 124/124/124 127/127/127
f 146/146/146 181/181/181 144/144/144
f 146/146/146 144/144/144 162/162/162
f 146/146/146 162/162/162 165/165/165
f 184/184/184 219/219/219 182/182/182
f 184/184/184 182/182/182 200/200/200
f 184/184/184 200/200/200 203/203/203
f 222/222/222 257/257/257 220/220/220
f 222/222/222 220/220/220 238/238/238
f 222/222/222 238/238/238 241/241/241
f 260/260/260 295/295/295 258/258/258
f 260/260/260 258/258/258 276/276/276
f 260/260/260 276/276/276 279/279/279
f 298/298/298 333/333/333 296/296/296
f 298/298/298 296/296/296 314/314/314
f 298/298/298 314/314/314 317/317/317
f 336/336/336 371/371/371 334/334/334
f 336/336/336 334/334/334 352/352/352
f 336/336/336 352/352/352 355/355/355
f 374/374/374 409/409/409 372/372/372
f 374/374/374 372/372/372 390/390/390
f 374/374/374 390/390/390 393/393/393
f 494/494/494 497/497/497 503/503/503
f 494/494/494 503/503/503 505/505/505
f 494/494/494 505/505/505 492/492/492
f 497/497/497 509/509/509 507/507/507
f 497/497/497 507/507/507 464/464/464
f 497/497/497 464/464/464 503/503/503
f 73/73/73 62/62/62 63/63/63
f 73/73/73 63/63/63 64/64/64
f 73/73/73 64/64/64 65/65/65
f 73/73/73 65/65/65 66/66/66
f 73/73/73 66/66/66 67/67/67
f 73/73/73 67/67/67 68/68/68
f 73/73/73 68/68/68 69/69/69
f 73/73/73 69/69/69 70/70/70
f 73/73/73 70/70/70 71/71/71
f 299/299/299 297/297/297 316/316/316
f 299/299/299 316/316/316 311/311/311
f 375/375/375 373/373/373 392/392/392
f 375/375/375 392/392/392 387/387/387
f 16/16/16 4/4/4 5/5/5
f 16/16/16 5/5/5 17/17/17
f 16/16/16 17/17/17 28/28/28
f 89/89/89 80/80/80 86/86/86
f 89/89/89 86/86/86 87/87/87
f 105/105/105 95/95/95 103/103/103
f 105/105/105 103/103/103 102/102/102
f 105/105/105 102/102/102 96/96/96
f 105/105/105 96/96/96 97/97/97
f 443/443/443 420/420/420 441/441/441
f 443/443/443 441/441/441 447/447/447
f 443/443/443 447/447/447 449/449/449
f 429/429/429 411/411/411 462/462/462
f 429/429/429 462/462/462 434/434/434
f 429/429/429 434/434/434 428/428/428
f 474/474/474 451/451/451 478/478/478
f 474/474/474 478/478/478 473/473/473
f 474/474/474 473/473/473 469/469/469
f 446/446/446 451/451/451 474/474/474
f 446/446/446 474/474/474 413/413/413
f 501/501/501 480/480/480 511/511/511
f 501/501/501 511/511/511 500/500/500
f 501/501/501 500/500/500 499/499/499
f 515/515/515 491/491/491 516/516/516
f 515/515/515 516/516/516 492/492/492
f 515/515/515 492/492/492 499/499/499
f 431/431/431 436/436/436 485/485/485
f 431/431/431 485/485/485 484/484/484
f 431/431/431 484/484/484 425/425/425
f 96/96/96 102/102/102 91/91/91
f 96/96/96 91/91/91 90/90/90
f 96/96/96 90/90/90 94/94/94
f 422/422/422 420/420/420 443/443/443
f 422/422/422 443/443/443 419/419/419
f 422/422/422 419/419/419 426/426/426
f 468/468/468 508/508/508 495/495/495
f 468/468/468 495/495/495 438/438/438
f 468/468/468 438/438/438 435/435/435
f 478/478/478 482/482/482 481/481/481
f 478/478/478 481/481/481 477/477/477
f 478/478/478 477/477/477 473/473/473
f 516/516/516 491/491/491 517/517/517
f 516/516/516 517/517/517 494/494/494
f 516/516/516 494/494/494 492/492/492
f 484/484/484 489/489/489 483/483/483
f 484/484/484 483/483/483 421/421/421
f 484/484/484 421/421/421 425/425/425
f 85/85/85 76/76/76 77/77/77
f 85/85/85 77/77/77 84/84/84
f 85/85/85 84/84/84 88/88/88
f 426/426/426 430/430/430 424/424/424
f 426/426/426 424/424/424 420/420/420
f 426/426/426 420/420/420 422/422/422
f 466/466/466 467/467/467 468/468/468
f 466/466/466 468/468/468 434/434/434
f 466/466/466 434/434/434 462/462/462
f 482/482/482 478/478/478 451/451/451
f 482/482/482 451/451/451 450/450/450
f 482/482/482 450/450/450 454/454/454
f 482/482/482 454/454/454 452/452/452
f 482/482/482 452/452/452 455/455/455
f 482/482/482 455/455/455 512/512/512
f 24/24/24 23/23/23 12/12/12
f 24/24/24 12/12/12 1/1/1
f 430/430/430 426/426/426 432/432/432
f 430/430/430 432/432/432 437/437/437
f 430/430/430 437/437/437 435/435/435
f 486/486/486 500/500/500 487/487/487
f 486/486/486 487/487/487 448/448/448
f 486/486/486 448/448/448 442/442/442
f 486/486/486 442/442/442 421/421/421
f 486/486/486 421/421/421 483/483/483
f 486/486/486 483/483/483 488/488/488
f 488/488/488 483/483/483 489/489/489
f 488/488/488 489/489/489 491/491/491
f 488/488/488 491/491/491 498/498/498
f 427/427/427 432/432/432 426/426/426
f 427/427/427 426/426/426 423/423/423
f 427/427/427 423/423/423 428/428/428
f 427/427/427 428/428/428 433/433/433
f 427/427/427 433/433/433 437/437/437
f 427/427/427 437/437/437 432/432/432
f 469/469/469 473/473/473 472/472/472
f 469/469/469 472/472/472 457/457/457
f 469/469/469 457/457/457 414/414/414
f 469/469/469 414/414/414 413/413/413
f 469/469/469 413/413/413 474/474/474
f 514/514/514 515/515/515 499/499/499
f 514/514/514 499/499/499 500/500/500
f 514/514/514 500/500/500 486/486/486
f 81/81/81 89/89/89 80/80/80
f 119/119/119 122/122/122 125/125/125
f 113/113/113 128/128/128 138/138/138
f 129/129/129 115/115/115 135/135/135
f 132/132/132 136/136/136 116/116/116
f 137/137/137 140/140/140 117/117/117
f 141/141/141 133/133/133 118/118/118
f 157/157/157 160/160/160 163/163/163
f 151/151/151 166/166/166 176/176/176
f 167/167/167 153/153/153 173/173/173
f 170/170/170 174/174/174 154/154/154
f 175/175/175 178/178/178 155/155/155
f 179/179/179 171/171/171 156/156/156
f 195/195/195 198/198/198 201/201/201
f 189/189/189 204/204/204 214/214/214
f 205/205/205 191/191/191 211/211/211
f 208/208/208 212/212/212 192/192/192
f 213/213/213 216/216/216 193/193/193
f 217/217/217 209/209/209 194/194/194
f 233/233/233 236/236/236 239/239/239
f 227/227/227 242/242/242 252/252/252
f 243/243/243 229/229/229 249/249/249
f 246/246/246 250/250/250 230/230/230
f 251/251/251 254/254/254 231/231/231
f 255/255/255 247/247/247 232/232/232
f 271/271/271 274/274/274 277/277/277
f 265/265/265 280/280/280 290/290/290
f 281/281/281 267/267/267 287/287/287
f 284/284/284 288/288/288 268/268/268
f 289/289/289 292/292/292 269/269/269
f 293/293/293 285/285/285 270/270/270
f 309/309/309 312/312/312 315/315/315
f 303/303/303 318/318/318 328/328/328
f 319/319/319 305/305/305 325/325/325
f 322/322/322 326/326/326 306/306/306
f 327/327/327 330/330/330 307/307/307
f 331/331/331 323/323/323 308/308/308
f 347/347/347 350/350/350 353/353/353
f 341/341/341 356/356/356 366/366/366
f 357/357/357 343/343/343 363/363/363
f 360/360/360 364/364/364 344/344/344
f 365/365/365 368/368/368 345/345/345
f 369/369/369 361/361/361 346/346/346
f 385/385/385 388/388/388 391/391/391
f 379/379/379 394/394/394 404/404/404
f 395/395/395 381/381/381 401/401/401
f 398/398/398 402/402/402 382/382/382
f 403/403/403 406/406/406 383/383/383
f 407/407/407 399/399/399 384/384/384
f 410/410/410 412/412/412 411/411/411
f 112/112/112 111/111/111 131/131/131
f 142/142/142 109/109/109 114/114/114
f 150/150/150 149/149/149 169/169/169
f 180/180/180 147/147/147 152/152/152
f 188/188/188 187/187/187 207/207/207
f 218/218/218 185/185/185 190/190/190
f 226/226/226 225/225/225 245/245/245
f 256/256/256 223/223/223 228/228/228
f 264/264/264 263/263/263 283/283/283
f 294/294/294 261/261/261 266/266/266
f 302/302/302 301/301/301 321/321/321
f 332/332/332 299/299/299 304/304/304
f 340/340/340 339/339/339 359/359/359
f 370/370/370 337/337/337 342/342/342
f 378/378/378 377/377/377 397/397/397
f 408/408/408 375/375/375 380/380/380
f 490/490/490 493/493/493 484/484/484
f 410/410/410 415/415/415 418/418/418
f 423/423/423 419/419/419 426/426/426
